created: 20230921022131776
creator: KylePan
difficulty: 5.1000000000000005
due: 20230929031752505
grade: 1
history: [{"due":"20230923084520757","interval":0,"difficulty":5,"stability":2,"retrievability":1,"grade":-1,"lapses":0,"reps":1,"review":"20230921084520757"}]
interval: 2
lapses: 0
modified: 20230923031752506
modifier: KylePa
reps: 2
retrievability: 0.9
review: 20230923031752502
stability: 5.512139752431654
tags: 经络 ?
title: 手少阴心经
type: text/vnd.tiddlywiki

[img[image_ssyxj.png]]